2022/09/11-23:32:23.795457 102cd8580 RocksDB version: 6.20.3
2022/09/11-23:32:23.796057 102cd8580 Git sha 8608d75d85f8e1b3b64b73a4fb6d19baec61ba5c
2022/09/11-23:32:23.796060 102cd8580 Compile date 2021-05-05 20:35:30
2022/09/11-23:32:23.796079 102cd8580 DB SUMMARY
2022/09/11-23:32:23.796080 102cd8580 DB Session ID:  04SKGKOJK1YU3WWC7RIC
2022/09/11-23:32:23.796122 102cd8580 SST files in 0 dir, Total Num: 0, files: 
2022/09/11-23:32:23.796125 102cd8580 Write Ahead Log file in 0: 
2022/09/11-23:32:23.796126 102cd8580                         Options.error_if_exists: 0
2022/09/11-23:32:23.796128 102cd8580                       Options.create_if_missing: 1
2022/09/11-23:32:23.796129 102cd8580                         Options.paranoid_checks: 1
2022/09/11-23:32:23.796131 102cd8580                               Options.track_and_verify_wals_in_manifest: 0
2022/09/11-23:32:23.796132 102cd8580                                     Options.env: 0x1026f17c8
2022/09/11-23:32:23.796134 102cd8580                                      Options.fs: Posix File System
2022/09/11-23:32:23.796136 102cd8580                                Options.info_log: 0x600000fb80f0
2022/09/11-23:32:23.796137 102cd8580                Options.max_file_opening_threads: 16
2022/09/11-23:32:23.796138 102cd8580                              Options.statistics: 0x0
2022/09/11-23:32:23.796140 102cd8580                               Options.use_fsync: 0
2022/09/11-23:32:23.796141 102cd8580                       Options.max_log_file_size: 0
2022/09/11-23:32:23.796142 102cd8580                  Options.max_manifest_file_size: 1073741824
2022/09/11-23:32:23.796144 102cd8580                   Options.log_file_time_to_roll: 0
2022/09/11-23:32:23.796145 102cd8580                       Options.keep_log_file_num: 1000
2022/09/11-23:32:23.796146 102cd8580                    Options.recycle_log_file_num: 0
2022/09/11-23:32:23.796147 102cd8580                         Options.allow_fallocate: 1
2022/09/11-23:32:23.796149 102cd8580                        Options.allow_mmap_reads: 0
2022/09/11-23:32:23.796150 102cd8580                       Options.allow_mmap_writes: 0
2022/09/11-23:32:23.796151 102cd8580                        Options.use_direct_reads: 0
2022/09/11-23:32:23.796152 102cd8580                        Options.use_direct_io_for_flush_and_compaction: 0
2022/09/11-23:32:23.796154 102cd8580          Options.create_missing_column_families: 0
2022/09/11-23:32:23.796155 102cd8580                              Options.db_log_dir: 
2022/09/11-23:32:23.796156 102cd8580                                 Options.wal_dir: 0
2022/09/11-23:32:23.796157 102cd8580                Options.table_cache_numshardbits: 6
2022/09/11-23:32:23.796159 102cd8580                         Options.WAL_ttl_seconds: 0
2022/09/11-23:32:23.796160 102cd8580                       Options.WAL_size_limit_MB: 0
2022/09/11-23:32:23.796161 102cd8580                        Options.max_write_batch_group_size_bytes: 1048576
2022/09/11-23:32:23.796162 102cd8580             Options.manifest_preallocation_size: 4194304
2022/09/11-23:32:23.796164 102cd8580                     Options.is_fd_close_on_exec: 1
2022/09/11-23:32:23.796165 102cd8580                   Options.advise_random_on_open: 1
2022/09/11-23:32:23.796166 102cd8580                    Options.db_write_buffer_size: 0
2022/09/11-23:32:23.796167 102cd8580                    Options.write_buffer_manager: 0x6000022b4150
2022/09/11-23:32:23.796169 102cd8580         Options.access_hint_on_compaction_start: 1
2022/09/11-23:32:23.796170 102cd8580  Options.new_table_reader_for_compaction_inputs: 0
2022/09/11-23:32:23.796171 102cd8580           Options.random_access_max_buffer_size: 1048576
2022/09/11-23:32:23.796173 102cd8580                      Options.use_adaptive_mutex: 0
2022/09/11-23:32:23.796174 102cd8580                            Options.rate_limiter: 0x0
2022/09/11-23:32:23.796175 102cd8580     Options.sst_file_manager.rate_bytes_per_sec: 0
2022/09/11-23:32:23.796177 102cd8580                       Options.wal_recovery_mode: 2
2022/09/11-23:32:23.796178 102cd8580                  Options.enable_thread_tracking: 0
2022/09/11-23:32:23.796179 102cd8580                  Options.enable_pipelined_write: 0
2022/09/11-23:32:23.796204 102cd8580                  Options.unordered_write: 0
2022/09/11-23:32:23.796206 102cd8580         Options.allow_concurrent_memtable_write: 1
2022/09/11-23:32:23.796207 102cd8580      Options.enable_write_thread_adaptive_yield: 1
2022/09/11-23:32:23.796209 102cd8580             Options.write_thread_max_yield_usec: 100
2022/09/11-23:32:23.796210 102cd8580            Options.write_thread_slow_yield_usec: 3
2022/09/11-23:32:23.796211 102cd8580                               Options.row_cache: None
2022/09/11-23:32:23.796212 102cd8580                              Options.wal_filter: None
2022/09/11-23:32:23.796214 102cd8580             Options.avoid_flush_during_recovery: 0
2022/09/11-23:32:23.796215 102cd8580             Options.allow_ingest_behind: 0
2022/09/11-23:32:23.796216 102cd8580             Options.preserve_deletes: 0
2022/09/11-23:32:23.796218 102cd8580             Options.two_write_queues: 0
2022/09/11-23:32:23.796219 102cd8580             Options.manual_wal_flush: 0
2022/09/11-23:32:23.796220 102cd8580             Options.atomic_flush: 0
2022/09/11-23:32:23.796221 102cd8580             Options.avoid_unnecessary_blocking_io: 0
2022/09/11-23:32:23.796223 102cd8580                 Options.persist_stats_to_disk: 0
2022/09/11-23:32:23.796224 102cd8580                 Options.write_dbid_to_manifest: 0
2022/09/11-23:32:23.796225 102cd8580                 Options.log_readahead_size: 0
2022/09/11-23:32:23.796227 102cd8580                 Options.file_checksum_gen_factory: Unknown
2022/09/11-23:32:23.796228 102cd8580                 Options.best_efforts_recovery: 0
2022/09/11-23:32:23.796229 102cd8580                Options.max_bgerror_resume_count: 2147483647
2022/09/11-23:32:23.796231 102cd8580            Options.bgerror_resume_retry_interval: 1000000
2022/09/11-23:32:23.796232 102cd8580             Options.allow_data_in_errors: 0
2022/09/11-23:32:23.796233 102cd8580             Options.db_host_id: __hostname__
2022/09/11-23:32:23.796235 102cd8580             Options.max_background_jobs: 2
2022/09/11-23:32:23.796236 102cd8580             Options.max_background_compactions: -1
2022/09/11-23:32:23.796237 102cd8580             Options.max_subcompactions: 1
2022/09/11-23:32:23.796238 102cd8580             Options.avoid_flush_during_shutdown: 0
2022/09/11-23:32:23.796240 102cd8580           Options.writable_file_max_buffer_size: 1048576
2022/09/11-23:32:23.796241 102cd8580             Options.delayed_write_rate : 16777216
2022/09/11-23:32:23.796242 102cd8580             Options.max_total_wal_size: 0
2022/09/11-23:32:23.796244 102cd8580             Options.delete_obsolete_files_period_micros: 21600000000
2022/09/11-23:32:23.796245 102cd8580                   Options.stats_dump_period_sec: 600
2022/09/11-23:32:23.796246 102cd8580                 Options.stats_persist_period_sec: 600
2022/09/11-23:32:23.796248 102cd8580                 Options.stats_history_buffer_size: 1048576
2022/09/11-23:32:23.796249 102cd8580                          Options.max_open_files: -1
2022/09/11-23:32:23.796250 102cd8580                          Options.bytes_per_sync: 0
2022/09/11-23:32:23.796251 102cd8580                      Options.wal_bytes_per_sync: 0
2022/09/11-23:32:23.796253 102cd8580                   Options.strict_bytes_per_sync: 0
2022/09/11-23:32:23.796254 102cd8580       Options.compaction_readahead_size: 0
2022/09/11-23:32:23.796255 102cd8580                  Options.max_background_flushes: -1
2022/09/11-23:32:23.796256 102cd8580 Compression algorithms supported:
2022/09/11-23:32:23.796278 102cd8580 	kZSTD supported: 1
2022/09/11-23:32:23.796279 102cd8580 	kZlibCompression supported: 1
2022/09/11-23:32:23.796281 102cd8580 	kXpressCompression supported: 0
2022/09/11-23:32:23.796282 102cd8580 	kSnappyCompression supported: 1
2022/09/11-23:32:23.796284 102cd8580 	kZSTDNotFinalCompression supported: 1
2022/09/11-23:32:23.796285 102cd8580 	kLZ4HCCompression supported: 1
2022/09/11-23:32:23.796286 102cd8580 	kLZ4Compression supported: 1
2022/09/11-23:32:23.796305 102cd8580 	kBZip2Compression supported: 1
2022/09/11-23:32:23.796314 102cd8580 Fast CRC32 supported: Supported on Arm64
2022/09/11-23:32:23.796996 102cd8580 [db/db_impl/db_impl_open.cc:285] Creating manifest 1 
2022/09/11-23:32:23.797380 102cd8580 [db/version_set.cc:4627] Recovering from manifest file: 0/MANIFEST-000001
2022/09/11-23:32:23.797450 102cd8580 [db/column_family.cc:598] --------------- Options for column family [default]:
2022/09/11-23:32:23.797452 102cd8580               Options.comparator: leveldb.BytewiseComparator
2022/09/11-23:32:23.797453 102cd8580           Options.merge_operator: None
2022/09/11-23:32:23.797453 102cd8580        Options.compaction_filter: None
2022/09/11-23:32:23.797454 102cd8580        Options.compaction_filter_factory: None
2022/09/11-23:32:23.797454 102cd8580  Options.sst_partitioner_factory: None
2022/09/11-23:32:23.797455 102cd8580         Options.memtable_factory: SkipListFactory
2022/09/11-23:32:23.797455 102cd8580            Options.table_factory: BlockBasedTable
2022/09/11-23:32:23.797467 102cd8580            table_factory options:   flush_block_policy_factory: FlushBlockBySizePolicyFactory (0x600002eb40f0)
  cache_index_and_filter_blocks: 0
  cache_index_and_filter_blocks_with_high_priority: 1
  pin_l0_filter_and_index_blocks_in_cache: 0
  pin_top_level_index_and_filter: 1
  index_type: 0
  data_block_index_type: 0
  index_shortening: 1
  data_block_hash_table_util_ratio: 0.750000
  hash_index_allow_collision: 1
  checksum: 1
  no_block_cache: 0
  block_cache: 0x600001db0338
  block_cache_name: LRUCache
  block_cache_options:
    capacity : 8388608
    num_shard_bits : 4
    strict_capacity_limit : 0
    memory_allocator : None
    high_pri_pool_ratio: 0.000
  block_cache_compressed: 0x0
  persistent_cache: 0x0
  block_size: 4096
  block_size_deviation: 10
  block_restart_interval: 16
  index_block_restart_interval: 1
  metadata_block_size: 4096
  partition_filters: 0
  use_delta_encoding: 1
  filter_policy: nullptr
  whole_key_filtering: 1
  verify_compression: 0
  read_amp_bytes_per_bit: 0
  format_version: 5
  enable_index_compression: 1
  block_align: 0
2022/09/11-23:32:23.797469 102cd8580        Options.write_buffer_size: 67108864
2022/09/11-23:32:23.797470 102cd8580  Options.max_write_buffer_number: 2
2022/09/11-23:32:23.797471 102cd8580          Options.compression: Snappy
2022/09/11-23:32:23.797471 102cd8580                  Options.bottommost_compression: Disabled
2022/09/11-23:32:23.797472 102cd8580       Options.prefix_extractor: nullptr
2022/09/11-23:32:23.797472 102cd8580   Options.memtable_insert_with_hint_prefix_extractor: nullptr
2022/09/11-23:32:23.797473 102cd8580             Options.num_levels: 7
2022/09/11-23:32:23.797473 102cd8580        Options.min_write_buffer_number_to_merge: 1
2022/09/11-23:32:23.797474 102cd8580     Options.max_write_buffer_number_to_maintain: 0
2022/09/11-23:32:23.797474 102cd8580     Options.max_write_buffer_size_to_maintain: 0
2022/09/11-23:32:23.797475 102cd8580            Options.bottommost_compression_opts.window_bits: -14
2022/09/11-23:32:23.797476 102cd8580                  Options.bottommost_compression_opts.level: 32767
2022/09/11-23:32:23.797476 102cd8580               Options.bottommost_compression_opts.strategy: 0
2022/09/11-23:32:23.797477 102cd8580         Options.bottommost_compression_opts.max_dict_bytes: 0
2022/09/11-23:32:23.797477 102cd8580         Options.bottommost_compression_opts.zstd_max_train_bytes: 0
2022/09/11-23:32:23.797478 102cd8580         Options.bottommost_compression_opts.parallel_threads: 1
2022/09/11-23:32:23.797478 102cd8580                  Options.bottommost_compression_opts.enabled: false
2022/09/11-23:32:23.797479 102cd8580         Options.bottommost_compression_opts.max_dict_buffer_bytes: 0
2022/09/11-23:32:23.797479 102cd8580            Options.compression_opts.window_bits: -14
2022/09/11-23:32:23.797480 102cd8580                  Options.compression_opts.level: 32767
2022/09/11-23:32:23.797481 102cd8580               Options.compression_opts.strategy: 0
2022/09/11-23:32:23.797481 102cd8580         Options.compression_opts.max_dict_bytes: 0
2022/09/11-23:32:23.797494 102cd8580         Options.compression_opts.zstd_max_train_bytes: 0
2022/09/11-23:32:23.797495 102cd8580         Options.compression_opts.parallel_threads: 1
2022/09/11-23:32:23.797495 102cd8580                  Options.compression_opts.enabled: false
2022/09/11-23:32:23.797496 102cd8580         Options.compression_opts.max_dict_buffer_bytes: 0
2022/09/11-23:32:23.797496 102cd8580      Options.level0_file_num_compaction_trigger: 4
2022/09/11-23:32:23.797497 102cd8580          Options.level0_slowdown_writes_trigger: 20
2022/09/11-23:32:23.797497 102cd8580              Options.level0_stop_writes_trigger: 36
2022/09/11-23:32:23.797498 102cd8580                   Options.target_file_size_base: 67108864
2022/09/11-23:32:23.797498 102cd8580             Options.target_file_size_multiplier: 1
2022/09/11-23:32:23.797499 102cd8580                Options.max_bytes_for_level_base: 268435456
2022/09/11-23:32:23.797499 102cd8580 Options.level_compaction_dynamic_level_bytes: 0
2022/09/11-23:32:23.797500 102cd8580          Options.max_bytes_for_level_multiplier: 10.000000
2022/09/11-23:32:23.797501 102cd8580 Options.max_bytes_for_level_multiplier_addtl[0]: 1
2022/09/11-23:32:23.797501 102cd8580 Options.max_bytes_for_level_multiplier_addtl[1]: 1
2022/09/11-23:32:23.797502 102cd8580 Options.max_bytes_for_level_multiplier_addtl[2]: 1
2022/09/11-23:32:23.797502 102cd8580 Options.max_bytes_for_level_multiplier_addtl[3]: 1
2022/09/11-23:32:23.797503 102cd8580 Options.max_bytes_for_level_multiplier_addtl[4]: 1
2022/09/11-23:32:23.797503 102cd8580 Options.max_bytes_for_level_multiplier_addtl[5]: 1
2022/09/11-23:32:23.797504 102cd8580 Options.max_bytes_for_level_multiplier_addtl[6]: 1
2022/09/11-23:32:23.797504 102cd8580       Options.max_sequential_skip_in_iterations: 8
2022/09/11-23:32:23.797505 102cd8580                    Options.max_compaction_bytes: 1677721600
2022/09/11-23:32:23.797505 102cd8580                        Options.arena_block_size: 8388608
2022/09/11-23:32:23.797506 102cd8580   Options.soft_pending_compaction_bytes_limit: 68719476736
2022/09/11-23:32:23.797507 102cd8580   Options.hard_pending_compaction_bytes_limit: 274877906944
2022/09/11-23:32:23.797507 102cd8580       Options.rate_limit_delay_max_milliseconds: 100
2022/09/11-23:32:23.797508 102cd8580                Options.disable_auto_compactions: 0
2022/09/11-23:32:23.797508 102cd8580                        Options.compaction_style: kCompactionStyleLevel
2022/09/11-23:32:23.797509 102cd8580                          Options.compaction_pri: kMinOverlappingRatio
2022/09/11-23:32:23.797510 102cd8580 Options.compaction_options_universal.size_ratio: 1
2022/09/11-23:32:23.797510 102cd8580 Options.compaction_options_universal.min_merge_width: 2
2022/09/11-23:32:23.797511 102cd8580 Options.compaction_options_universal.max_merge_width: 4294967295
2022/09/11-23:32:23.797511 102cd8580 Options.compaction_options_universal.max_size_amplification_percent: 200
2022/09/11-23:32:23.797512 102cd8580 Options.compaction_options_universal.compression_size_percent: -1
2022/09/11-23:32:23.797513 102cd8580 Options.compaction_options_universal.stop_style: kCompactionStopStyleTotalSize
2022/09/11-23:32:23.797513 102cd8580 Options.compaction_options_fifo.max_table_files_size: 1073741824
2022/09/11-23:32:23.797514 102cd8580 Options.compaction_options_fifo.allow_compaction: 0
2022/09/11-23:32:23.797515 102cd8580                   Options.table_properties_collectors: 
2022/09/11-23:32:23.797516 102cd8580                   Options.inplace_update_support: 0
2022/09/11-23:32:23.797516 102cd8580                 Options.inplace_update_num_locks: 10000
2022/09/11-23:32:23.797517 102cd8580               Options.memtable_prefix_bloom_size_ratio: 0.000000
2022/09/11-23:32:23.797517 102cd8580               Options.memtable_whole_key_filtering: 0
2022/09/11-23:32:23.797518 102cd8580   Options.memtable_huge_page_size: 0
2022/09/11-23:32:23.797518 102cd8580                           Options.bloom_locality: 0
2022/09/11-23:32:23.797528 102cd8580                    Options.max_successive_merges: 0
2022/09/11-23:32:23.797529 102cd8580                Options.optimize_filters_for_hits: 0
2022/09/11-23:32:23.797529 102cd8580                Options.paranoid_file_checks: 0
2022/09/11-23:32:23.797530 102cd8580                Options.force_consistency_checks: 1
2022/09/11-23:32:23.797530 102cd8580                Options.report_bg_io_stats: 0
2022/09/11-23:32:23.797531 102cd8580                               Options.ttl: 2592000
2022/09/11-23:32:23.797531 102cd8580          Options.periodic_compaction_seconds: 0
2022/09/11-23:32:23.797532 102cd8580                    Options.enable_blob_files: false
2022/09/11-23:32:23.797532 102cd8580                        Options.min_blob_size: 0
2022/09/11-23:32:23.797533 102cd8580                       Options.blob_file_size: 268435456
2022/09/11-23:32:23.797533 102cd8580                Options.blob_compression_type: NoCompression
2022/09/11-23:32:23.797534 102cd8580       Options.enable_blob_garbage_collection: false
2022/09/11-23:32:23.797534 102cd8580   Options.blob_garbage_collection_age_cutoff: 0.250000
2022/09/11-23:32:23.797872 102cd8580 [db/version_set.cc:4675] Recovered from manifest file:0/MANIFEST-000001 succeeded,manifest_file_number is 1, next_file_number is 3, last_sequence is 0, log_number is 0,prev_log_number is 0,max_column_family is 0,min_log_number_to_keep is 0
2022/09/11-23:32:23.797874 102cd8580 [db/version_set.cc:4684] Column family [default] (ID 0), log number is 0
2022/09/11-23:32:23.797959 102cd8580 [db/version_set.cc:4119] Creating manifest 4
2022/09/11-23:32:23.799051 102cd8580 [db/db_impl/db_impl_open.cc:1757] SstFileManager instance 0x150705250
2022/09/11-23:32:23.799070 102cd8580 DB pointer 0x15200d400
2022/09/11-23:32:23.799241 16ee93000 [db/db_impl/db_impl.cc:932] ------- DUMPING STATS -------
2022/09/11-23:32:23.799504 16ee93000 [db/db_impl/db_impl.cc:933] 
** DB Stats **
Uptime(secs): 0.0 total, 0.0 interval
Cumulative writes: 0 writes, 0 keys, 0 commit groups, 0.0 writes per commit group, ingest: 0.00 GB, 0.00 MB/s
Cumulative WAL: 0 writes, 0 syncs, 0.00 writes per sync, written: 0.00 GB, 0.00 MB/s
Cumulative stall: 00:00:0.000 H:M:S, 0.0 percent
Interval writes: 0 writes, 0 keys, 0 commit groups, 0.0 writes per commit group, ingest: 0.00 MB, 0.00 MB/s
Interval WAL: 0 writes, 0 syncs, 0.00 writes per sync, written: 0.00 MB, 0.00 MB/s
Interval stall: 00:00:0.000 H:M:S, 0.0 percent

** Compaction Stats [default] **
Level    Files   Size     Score Read(GB)  Rn(GB) Rnp1(GB) Write(GB) Wnew(GB) Moved(GB) W-Amp Rd(MB/s) Wr(MB/s) Comp(sec) CompMergeCPU(sec) Comp(cnt) Avg(sec) KeyIn KeyDrop Rblob(GB) Wblob(GB)
------------------------------------------------------------------------------------------------------------------------------------------------------------------------------------------------
 Sum      0/0    0.00 KB   0.0      0.0     0.0      0.0       0.0      0.0       0.0   0.0      0.0      0.0      0.00              0.00         0    0.000       0      0       0.0       0.0
 Int      0/0    0.00 KB   0.0      0.0     0.0      0.0       0.0      0.0       0.0   0.0      0.0      0.0      0.00              0.00         0    0.000       0      0       0.0       0.0

** Compaction Stats [default] **
Priority    Files   Size     Score Read(GB)  Rn(GB) Rnp1(GB) Write(GB) Wnew(GB) Moved(GB) W-Amp Rd(MB/s) Wr(MB/s) Comp(sec) CompMergeCPU(sec) Comp(cnt) Avg(sec) KeyIn KeyDrop Rblob(GB) Wblob(GB)
---------------------------------------------------------------------------------------------------------------------------------------------------------------------------------------------------

Blob file count: 0, total size: 0.0 GB

Uptime(secs): 0.0 total, 0.0 interval
Flush(GB): cumulative 0.000, interval 0.000
AddFile(GB): cumulative 0.000, interval 0.000
AddFile(Total Files): cumulative 0, interval 0
AddFile(L0 Files): cumulative 0, interval 0
AddFile(Keys): cumulative 0, interval 0
Cumulative compaction: 0.00 GB write, 0.00 MB/s write, 0.00 GB read, 0.00 MB/s read, 0.0 seconds
Interval compaction: 0.00 GB write, 0.00 MB/s write, 0.00 GB read, 0.00 MB/s read, 0.0 seconds
Stalls(count): 0 level0_slowdown, 0 level0_slowdown_with_compaction, 0 level0_numfiles, 0 level0_numfiles_with_compaction, 0 stop for pending_compaction_bytes, 0 slowdown for pending_compaction_bytes, 0 memtable_compaction, 0 memtable_slowdown, interval 0 total count

** File Read Latency Histogram By Level [default] **

** Compaction Stats [default] **
Level    Files   Size     Score Read(GB)  Rn(GB) Rnp1(GB) Write(GB) Wnew(GB) Moved(GB) W-Amp Rd(MB/s) Wr(MB/s) Comp(sec) CompMergeCPU(sec) Comp(cnt) Avg(sec) KeyIn KeyDrop Rblob(GB) Wblob(GB)
------------------------------------------------------------------------------------------------------------------------------------------------------------------------------------------------
 Sum      0/0    0.00 KB   0.0      0.0     0.0      0.0       0.0      0.0       0.0   0.0      0.0      0.0      0.00              0.00         0    0.000       0      0       0.0       0.0
 Int      0/0    0.00 KB   0.0      0.0     0.0      0.0       0.0      0.0       0.0   0.0      0.0      0.0      0.00              0.00         0    0.000       0      0       0.0       0.0

** Compaction Stats [default] **
Priority    Files   Size     Score Read(GB)  Rn(GB) Rnp1(GB) Write(GB) Wnew(GB) Moved(GB) W-Amp Rd(MB/s) Wr(MB/s) Comp(sec) CompMergeCPU(sec) Comp(cnt) Avg(sec) KeyIn KeyDrop Rblob(GB) Wblob(GB)
---------------------------------------------------------------------------------------------------------------------------------------------------------------------------------------------------

Blob file count: 0, total size: 0.0 GB

Uptime(secs): 0.0 total, 0.0 interval
Flush(GB): cumulative 0.000, interval 0.000
AddFile(GB): cumulative 0.000, interval 0.000
AddFile(Total Files): cumulative 0, interval 0
AddFile(L0 Files): cumulative 0, interval 0
AddFile(Keys): cumulative 0, interval 0
Cumulative compaction: 0.00 GB write, 0.00 MB/s write, 0.00 GB read, 0.00 MB/s read, 0.0 seconds
Interval compaction: 0.00 GB write, 0.00 MB/s write, 0.00 GB read, 0.00 MB/s read, 0.0 seconds
Stalls(count): 0 level0_slowdown, 0 level0_slowdown_with_compaction, 0 level0_numfiles, 0 level0_numfiles_with_compaction, 0 stop for pending_compaction_bytes, 0 slowdown for pending_compaction_bytes, 0 memtable_compaction, 0 memtable_slowdown, interval 0 total count

** File Read Latency Histogram By Level [default] **
2022/09/11-23:32:23.799716 16ecef000 [db/db_impl/db_impl.cc:463] Shutdown: canceling all background work
2022/09/11-23:32:23.799929 16ecef000 [db/db_impl/db_impl.cc:642] Shutdown complete
