2022/08/28-13:02:57.184760 1051bc580 RocksDB version: 6.20.3
2022/08/28-13:02:57.185944 1051bc580 Git sha 8608d75d85f8e1b3b64b73a4fb6d19baec61ba5c
2022/08/28-13:02:57.185945 1051bc580 Compile date 2021-05-05 20:35:30
2022/08/28-13:02:57.185958 1051bc580 DB SUMMARY
2022/08/28-13:02:57.185959 1051bc580 DB Session ID:  4KLNXHYU4F5AVBCLQECK
2022/08/28-13:02:57.185982 1051bc580 SST files in 3 dir, Total Num: 0, files: 
2022/08/28-13:02:57.185984 1051bc580 Write Ahead Log file in 3: 
2022/08/28-13:02:57.185985 1051bc580                         Options.error_if_exists: 0
2022/08/28-13:02:57.185985 1051bc580                       Options.create_if_missing: 1
2022/08/28-13:02:57.185986 1051bc580                         Options.paranoid_checks: 1
2022/08/28-13:02:57.185987 1051bc580                               Options.track_and_verify_wals_in_manifest: 0
2022/08/28-13:02:57.185987 1051bc580                                     Options.env: 0x104e2d7c8
2022/08/28-13:02:57.185988 1051bc580                                      Options.fs: Posix File System
2022/08/28-13:02:57.185989 1051bc580                                Options.info_log: 0x600002c440f0
2022/08/28-13:02:57.185990 1051bc580                Options.max_file_opening_threads: 16
2022/08/28-13:02:57.185990 1051bc580                              Options.statistics: 0x0
2022/08/28-13:02:57.185991 1051bc580                               Options.use_fsync: 0
2022/08/28-13:02:57.185992 1051bc580                       Options.max_log_file_size: 0
2022/08/28-13:02:57.185992 1051bc580                  Options.max_manifest_file_size: 1073741824
2022/08/28-13:02:57.185993 1051bc580                   Options.log_file_time_to_roll: 0
2022/08/28-13:02:57.185994 1051bc580                       Options.keep_log_file_num: 1000
2022/08/28-13:02:57.185994 1051bc580                    Options.recycle_log_file_num: 0
2022/08/28-13:02:57.185995 1051bc580                         Options.allow_fallocate: 1
2022/08/28-13:02:57.185996 1051bc580                        Options.allow_mmap_reads: 0
2022/08/28-13:02:57.185996 1051bc580                       Options.allow_mmap_writes: 0
2022/08/28-13:02:57.185997 1051bc580                        Options.use_direct_reads: 0
2022/08/28-13:02:57.185997 1051bc580                        Options.use_direct_io_for_flush_and_compaction: 0
2022/08/28-13:02:57.185998 1051bc580          Options.create_missing_column_families: 0
2022/08/28-13:02:57.185999 1051bc580                              Options.db_log_dir: 
2022/08/28-13:02:57.185999 1051bc580                                 Options.wal_dir: 3
2022/08/28-13:02:57.186000 1051bc580                Options.table_cache_numshardbits: 6
2022/08/28-13:02:57.186001 1051bc580                         Options.WAL_ttl_seconds: 0
2022/08/28-13:02:57.186001 1051bc580                       Options.WAL_size_limit_MB: 0
2022/08/28-13:02:57.186002 1051bc580                        Options.max_write_batch_group_size_bytes: 1048576
2022/08/28-13:02:57.186003 1051bc580             Options.manifest_preallocation_size: 4194304
2022/08/28-13:02:57.186003 1051bc580                     Options.is_fd_close_on_exec: 1
2022/08/28-13:02:57.186004 1051bc580                   Options.advise_random_on_open: 1
2022/08/28-13:02:57.186005 1051bc580                    Options.db_write_buffer_size: 0
2022/08/28-13:02:57.186005 1051bc580                    Options.write_buffer_manager: 0x600000148150
2022/08/28-13:02:57.186006 1051bc580         Options.access_hint_on_compaction_start: 1
2022/08/28-13:02:57.186007 1051bc580  Options.new_table_reader_for_compaction_inputs: 0
2022/08/28-13:02:57.186007 1051bc580           Options.random_access_max_buffer_size: 1048576
2022/08/28-13:02:57.186008 1051bc580                      Options.use_adaptive_mutex: 0
2022/08/28-13:02:57.186009 1051bc580                            Options.rate_limiter: 0x0
2022/08/28-13:02:57.186009 1051bc580     Options.sst_file_manager.rate_bytes_per_sec: 0
2022/08/28-13:02:57.186010 1051bc580                       Options.wal_recovery_mode: 2
2022/08/28-13:02:57.186011 1051bc580                  Options.enable_thread_tracking: 0
2022/08/28-13:02:57.186011 1051bc580                  Options.enable_pipelined_write: 0
2022/08/28-13:02:57.186026 1051bc580                  Options.unordered_write: 0
2022/08/28-13:02:57.186027 1051bc580         Options.allow_concurrent_memtable_write: 1
2022/08/28-13:02:57.186027 1051bc580      Options.enable_write_thread_adaptive_yield: 1
2022/08/28-13:02:57.186028 1051bc580             Options.write_thread_max_yield_usec: 100
2022/08/28-13:02:57.186029 1051bc580            Options.write_thread_slow_yield_usec: 3
2022/08/28-13:02:57.186029 1051bc580                               Options.row_cache: None
2022/08/28-13:02:57.186030 1051bc580                              Options.wal_filter: None
2022/08/28-13:02:57.186031 1051bc580             Options.avoid_flush_during_recovery: 0
2022/08/28-13:02:57.186031 1051bc580             Options.allow_ingest_behind: 0
2022/08/28-13:02:57.186032 1051bc580             Options.preserve_deletes: 0
2022/08/28-13:02:57.186033 1051bc580             Options.two_write_queues: 0
2022/08/28-13:02:57.186033 1051bc580             Options.manual_wal_flush: 0
2022/08/28-13:02:57.186034 1051bc580             Options.atomic_flush: 0
2022/08/28-13:02:57.186035 1051bc580             Options.avoid_unnecessary_blocking_io: 0
2022/08/28-13:02:57.186035 1051bc580                 Options.persist_stats_to_disk: 0
2022/08/28-13:02:57.186036 1051bc580                 Options.write_dbid_to_manifest: 0
2022/08/28-13:02:57.186037 1051bc580                 Options.log_readahead_size: 0
2022/08/28-13:02:57.186037 1051bc580                 Options.file_checksum_gen_factory: Unknown
2022/08/28-13:02:57.186038 1051bc580                 Options.best_efforts_recovery: 0
2022/08/28-13:02:57.186039 1051bc580                Options.max_bgerror_resume_count: 2147483647
2022/08/28-13:02:57.186040 1051bc580            Options.bgerror_resume_retry_interval: 1000000
2022/08/28-13:02:57.186040 1051bc580             Options.allow_data_in_errors: 0
2022/08/28-13:02:57.186041 1051bc580             Options.db_host_id: __hostname__
2022/08/28-13:02:57.186042 1051bc580             Options.max_background_jobs: 2
2022/08/28-13:02:57.186042 1051bc580             Options.max_background_compactions: -1
2022/08/28-13:02:57.186043 1051bc580             Options.max_subcompactions: 1
2022/08/28-13:02:57.186044 1051bc580             Options.avoid_flush_during_shutdown: 0
2022/08/28-13:02:57.186044 1051bc580           Options.writable_file_max_buffer_size: 1048576
2022/08/28-13:02:57.186045 1051bc580             Options.delayed_write_rate : 16777216
2022/08/28-13:02:57.186046 1051bc580             Options.max_total_wal_size: 0
2022/08/28-13:02:57.186046 1051bc580             Options.delete_obsolete_files_period_micros: 21600000000
2022/08/28-13:02:57.186047 1051bc580                   Options.stats_dump_period_sec: 600
2022/08/28-13:02:57.186048 1051bc580                 Options.stats_persist_period_sec: 600
2022/08/28-13:02:57.186048 1051bc580                 Options.stats_history_buffer_size: 1048576
2022/08/28-13:02:57.186049 1051bc580                          Options.max_open_files: -1
2022/08/28-13:02:57.186050 1051bc580                          Options.bytes_per_sync: 0
2022/08/28-13:02:57.186050 1051bc580                      Options.wal_bytes_per_sync: 0
2022/08/28-13:02:57.186051 1051bc580                   Options.strict_bytes_per_sync: 0
2022/08/28-13:02:57.186052 1051bc580       Options.compaction_readahead_size: 0
2022/08/28-13:02:57.186052 1051bc580                  Options.max_background_flushes: -1
2022/08/28-13:02:57.186053 1051bc580 Compression algorithms supported:
2022/08/28-13:02:57.186055 1051bc580 	kZSTD supported: 1
2022/08/28-13:02:57.186056 1051bc580 	kZlibCompression supported: 1
2022/08/28-13:02:57.186057 1051bc580 	kXpressCompression supported: 0
2022/08/28-13:02:57.186058 1051bc580 	kSnappyCompression supported: 1
2022/08/28-13:02:57.186058 1051bc580 	kZSTDNotFinalCompression supported: 1
2022/08/28-13:02:57.186059 1051bc580 	kLZ4HCCompression supported: 1
2022/08/28-13:02:57.186060 1051bc580 	kLZ4Compression supported: 1
2022/08/28-13:02:57.186070 1051bc580 	kBZip2Compression supported: 1
2022/08/28-13:02:57.186074 1051bc580 Fast CRC32 supported: Supported on Arm64
2022/08/28-13:02:57.186356 1051bc580 [db/db_impl/db_impl_open.cc:285] Creating manifest 1 
2022/08/28-13:02:57.186645 1051bc580 [db/version_set.cc:4627] Recovering from manifest file: 3/MANIFEST-000001
2022/08/28-13:02:57.186691 1051bc580 [db/column_family.cc:598] --------------- Options for column family [default]:
2022/08/28-13:02:57.186692 1051bc580               Options.comparator: leveldb.BytewiseComparator
2022/08/28-13:02:57.186693 1051bc580           Options.merge_operator: None
2022/08/28-13:02:57.186694 1051bc580        Options.compaction_filter: None
2022/08/28-13:02:57.186695 1051bc580        Options.compaction_filter_factory: None
2022/08/28-13:02:57.186695 1051bc580  Options.sst_partitioner_factory: None
2022/08/28-13:02:57.186696 1051bc580         Options.memtable_factory: SkipListFactory
2022/08/28-13:02:57.186697 1051bc580            Options.table_factory: BlockBasedTable
2022/08/28-13:02:57.186710 1051bc580            table_factory options:   flush_block_policy_factory: FlushBlockBySizePolicyFactory (0x600000d480f0)
  cache_index_and_filter_blocks: 0
  cache_index_and_filter_blocks_with_high_priority: 1
  pin_l0_filter_and_index_blocks_in_cache: 0
  pin_top_level_index_and_filter: 1
  index_type: 0
  data_block_index_type: 0
  index_shortening: 1
  data_block_hash_table_util_ratio: 0.750000
  hash_index_allow_collision: 1
  checksum: 1
  no_block_cache: 0
  block_cache: 0x600003e4c338
  block_cache_name: LRUCache
  block_cache_options:
    capacity : 8388608
    num_shard_bits : 4
    strict_capacity_limit : 0
    memory_allocator : None
    high_pri_pool_ratio: 0.000
  block_cache_compressed: 0x0
  persistent_cache: 0x0
  block_size: 4096
  block_size_deviation: 10
  block_restart_interval: 16
  index_block_restart_interval: 1
  metadata_block_size: 4096
  partition_filters: 0
  use_delta_encoding: 1
  filter_policy: nullptr
  whole_key_filtering: 1
  verify_compression: 0
  read_amp_bytes_per_bit: 0
  format_version: 5
  enable_index_compression: 1
  block_align: 0
2022/08/28-13:02:57.186713 1051bc580        Options.write_buffer_size: 67108864
2022/08/28-13:02:57.186714 1051bc580  Options.max_write_buffer_number: 2
2022/08/28-13:02:57.186714 1051bc580          Options.compression: Snappy
2022/08/28-13:02:57.186715 1051bc580                  Options.bottommost_compression: Disabled
2022/08/28-13:02:57.186716 1051bc580       Options.prefix_extractor: nullptr
2022/08/28-13:02:57.186717 1051bc580   Options.memtable_insert_with_hint_prefix_extractor: nullptr
2022/08/28-13:02:57.186717 1051bc580             Options.num_levels: 7
2022/08/28-13:02:57.186718 1051bc580        Options.min_write_buffer_number_to_merge: 1
2022/08/28-13:02:57.186718 1051bc580     Options.max_write_buffer_number_to_maintain: 0
2022/08/28-13:02:57.186719 1051bc580     Options.max_write_buffer_size_to_maintain: 0
2022/08/28-13:02:57.186720 1051bc580            Options.bottommost_compression_opts.window_bits: -14
2022/08/28-13:02:57.186720 1051bc580                  Options.bottommost_compression_opts.level: 32767
2022/08/28-13:02:57.186721 1051bc580               Options.bottommost_compression_opts.strategy: 0
2022/08/28-13:02:57.186722 1051bc580         Options.bottommost_compression_opts.max_dict_bytes: 0
2022/08/28-13:02:57.186722 1051bc580         Options.bottommost_compression_opts.zstd_max_train_bytes: 0
2022/08/28-13:02:57.186723 1051bc580         Options.bottommost_compression_opts.parallel_threads: 1
2022/08/28-13:02:57.186724 1051bc580                  Options.bottommost_compression_opts.enabled: false
2022/08/28-13:02:57.186724 1051bc580         Options.bottommost_compression_opts.max_dict_buffer_bytes: 0
2022/08/28-13:02:57.186725 1051bc580            Options.compression_opts.window_bits: -14
2022/08/28-13:02:57.186726 1051bc580                  Options.compression_opts.level: 32767
2022/08/28-13:02:57.186726 1051bc580               Options.compression_opts.strategy: 0
2022/08/28-13:02:57.186727 1051bc580         Options.compression_opts.max_dict_bytes: 0
2022/08/28-13:02:57.186739 1051bc580         Options.compression_opts.zstd_max_train_bytes: 0
2022/08/28-13:02:57.186740 1051bc580         Options.compression_opts.parallel_threads: 1
2022/08/28-13:02:57.186741 1051bc580                  Options.compression_opts.enabled: false
2022/08/28-13:02:57.186741 1051bc580         Options.compression_opts.max_dict_buffer_bytes: 0
2022/08/28-13:02:57.186742 1051bc580      Options.level0_file_num_compaction_trigger: 4
2022/08/28-13:02:57.186743 1051bc580          Options.level0_slowdown_writes_trigger: 20
2022/08/28-13:02:57.186743 1051bc580              Options.level0_stop_writes_trigger: 36
2022/08/28-13:02:57.186744 1051bc580                   Options.target_file_size_base: 67108864
2022/08/28-13:02:57.186745 1051bc580             Options.target_file_size_multiplier: 1
2022/08/28-13:02:57.186745 1051bc580                Options.max_bytes_for_level_base: 268435456
2022/08/28-13:02:57.186746 1051bc580 Options.level_compaction_dynamic_level_bytes: 0
2022/08/28-13:02:57.186747 1051bc580          Options.max_bytes_for_level_multiplier: 10.000000
2022/08/28-13:02:57.186748 1051bc580 Options.max_bytes_for_level_multiplier_addtl[0]: 1
2022/08/28-13:02:57.186748 1051bc580 Options.max_bytes_for_level_multiplier_addtl[1]: 1
2022/08/28-13:02:57.186749 1051bc580 Options.max_bytes_for_level_multiplier_addtl[2]: 1
2022/08/28-13:02:57.186750 1051bc580 Options.max_bytes_for_level_multiplier_addtl[3]: 1
2022/08/28-13:02:57.186750 1051bc580 Options.max_bytes_for_level_multiplier_addtl[4]: 1
2022/08/28-13:02:57.186751 1051bc580 Options.max_bytes_for_level_multiplier_addtl[5]: 1
2022/08/28-13:02:57.186752 1051bc580 Options.max_bytes_for_level_multiplier_addtl[6]: 1
2022/08/28-13:02:57.186752 1051bc580       Options.max_sequential_skip_in_iterations: 8
2022/08/28-13:02:57.186753 1051bc580                    Options.max_compaction_bytes: 1677721600
2022/08/28-13:02:57.186754 1051bc580                        Options.arena_block_size: 8388608
2022/08/28-13:02:57.186754 1051bc580   Options.soft_pending_compaction_bytes_limit: 68719476736
2022/08/28-13:02:57.186755 1051bc580   Options.hard_pending_compaction_bytes_limit: 274877906944
2022/08/28-13:02:57.186756 1051bc580       Options.rate_limit_delay_max_milliseconds: 100
2022/08/28-13:02:57.186756 1051bc580                Options.disable_auto_compactions: 0
2022/08/28-13:02:57.186757 1051bc580                        Options.compaction_style: kCompactionStyleLevel
2022/08/28-13:02:57.186758 1051bc580                          Options.compaction_pri: kMinOverlappingRatio
2022/08/28-13:02:57.186759 1051bc580 Options.compaction_options_universal.size_ratio: 1
2022/08/28-13:02:57.186759 1051bc580 Options.compaction_options_universal.min_merge_width: 2
2022/08/28-13:02:57.186760 1051bc580 Options.compaction_options_universal.max_merge_width: 4294967295
2022/08/28-13:02:57.186761 1051bc580 Options.compaction_options_universal.max_size_amplification_percent: 200
2022/08/28-13:02:57.186761 1051bc580 Options.compaction_options_universal.compression_size_percent: -1
2022/08/28-13:02:57.186762 1051bc580 Options.compaction_options_universal.stop_style: kCompactionStopStyleTotalSize
2022/08/28-13:02:57.186763 1051bc580 Options.compaction_options_fifo.max_table_files_size: 1073741824
2022/08/28-13:02:57.186764 1051bc580 Options.compaction_options_fifo.allow_compaction: 0
2022/08/28-13:02:57.186765 1051bc580                   Options.table_properties_collectors: 
2022/08/28-13:02:57.186766 1051bc580                   Options.inplace_update_support: 0
2022/08/28-13:02:57.186766 1051bc580                 Options.inplace_update_num_locks: 10000
2022/08/28-13:02:57.186767 1051bc580               Options.memtable_prefix_bloom_size_ratio: 0.000000
2022/08/28-13:02:57.186768 1051bc580               Options.memtable_whole_key_filtering: 0
2022/08/28-13:02:57.186769 1051bc580   Options.memtable_huge_page_size: 0
2022/08/28-13:02:57.186769 1051bc580                           Options.bloom_locality: 0
2022/08/28-13:02:57.186781 1051bc580                    Options.max_successive_merges: 0
2022/08/28-13:02:57.186782 1051bc580                Options.optimize_filters_for_hits: 0
2022/08/28-13:02:57.186782 1051bc580                Options.paranoid_file_checks: 0
2022/08/28-13:02:57.186783 1051bc580                Options.force_consistency_checks: 1
2022/08/28-13:02:57.186784 1051bc580                Options.report_bg_io_stats: 0
2022/08/28-13:02:57.186784 1051bc580                               Options.ttl: 2592000
2022/08/28-13:02:57.186785 1051bc580          Options.periodic_compaction_seconds: 0
2022/08/28-13:02:57.186786 1051bc580                    Options.enable_blob_files: false
2022/08/28-13:02:57.186786 1051bc580                        Options.min_blob_size: 0
2022/08/28-13:02:57.186787 1051bc580                       Options.blob_file_size: 268435456
2022/08/28-13:02:57.186788 1051bc580                Options.blob_compression_type: NoCompression
2022/08/28-13:02:57.186789 1051bc580       Options.enable_blob_garbage_collection: false
2022/08/28-13:02:57.186789 1051bc580   Options.blob_garbage_collection_age_cutoff: 0.250000
2022/08/28-13:02:57.187096 1051bc580 [db/version_set.cc:4675] Recovered from manifest file:3/MANIFEST-000001 succeeded,manifest_file_number is 1, next_file_number is 3, last_sequence is 0, log_number is 0,prev_log_number is 0,max_column_family is 0,min_log_number_to_keep is 0
2022/08/28-13:02:57.187098 1051bc580 [db/version_set.cc:4684] Column family [default] (ID 0), log number is 0
2022/08/28-13:02:57.187143 1051bc580 [db/version_set.cc:4119] Creating manifest 4
2022/08/28-13:02:57.188202 1051bc580 [db/db_impl/db_impl_open.cc:1757] SstFileManager instance 0x151705250
2022/08/28-13:02:57.188220 1051bc580 DB pointer 0x15200de00
2022/08/28-13:02:57.188297 16c72f000 [db/db_impl/db_impl.cc:932] ------- DUMPING STATS -------
2022/08/28-13:02:57.188317 16c72f000 [db/db_impl/db_impl.cc:933] 
** DB Stats **
Uptime(secs): 0.0 total, 0.0 interval
Cumulative writes: 0 writes, 0 keys, 0 commit groups, 0.0 writes per commit group, ingest: 0.00 GB, 0.00 MB/s
Cumulative WAL: 0 writes, 0 syncs, 0.00 writes per sync, written: 0.00 GB, 0.00 MB/s
Cumulative stall: 00:00:0.000 H:M:S, 0.0 percent
Interval writes: 0 writes, 0 keys, 0 commit groups, 0.0 writes per commit group, ingest: 0.00 MB, 0.00 MB/s
Interval WAL: 0 writes, 0 syncs, 0.00 writes per sync, written: 0.00 MB, 0.00 MB/s
Interval stall: 00:00:0.000 H:M:S, 0.0 percent

** Compaction Stats [default] **
Level    Files   Size     Score Read(GB)  Rn(GB) Rnp1(GB) Write(GB) Wnew(GB) Moved(GB) W-Amp Rd(MB/s) Wr(MB/s) Comp(sec) CompMergeCPU(sec) Comp(cnt) Avg(sec) KeyIn KeyDrop Rblob(GB) Wblob(GB)
------------------------------------------------------------------------------------------------------------------------------------------------------------------------------------------------
 Sum      0/0    0.00 KB   0.0      0.0     0.0      0.0       0.0      0.0       0.0   0.0      0.0      0.0      0.00              0.00         0    0.000       0      0       0.0       0.0
 Int      0/0    0.00 KB   0.0      0.0     0.0      0.0       0.0      0.0       0.0   0.0      0.0      0.0      0.00              0.00         0    0.000       0      0       0.0       0.0

** Compaction Stats [default] **
Priority    Files   Size     Score Read(GB)  Rn(GB) Rnp1(GB) Write(GB) Wnew(GB) Moved(GB) W-Amp Rd(MB/s) Wr(MB/s) Comp(sec) CompMergeCPU(sec) Comp(cnt) Avg(sec) KeyIn KeyDrop Rblob(GB) Wblob(GB)
---------------------------------------------------------------------------------------------------------------------------------------------------------------------------------------------------

Blob file count: 0, total size: 0.0 GB

Uptime(secs): 0.0 total, 0.0 interval
Flush(GB): cumulative 0.000, interval 0.000
AddFile(GB): cumulative 0.000, interval 0.000
AddFile(Total Files): cumulative 0, interval 0
AddFile(L0 Files): cumulative 0, interval 0
AddFile(Keys): cumulative 0, interval 0
Cumulative compaction: 0.00 GB write, 0.00 MB/s write, 0.00 GB read, 0.00 MB/s read, 0.0 seconds
Interval compaction: 0.00 GB write, 0.00 MB/s write, 0.00 GB read, 0.00 MB/s read, 0.0 seconds
Stalls(count): 0 level0_slowdown, 0 level0_slowdown_with_compaction, 0 level0_numfiles, 0 level0_numfiles_with_compaction, 0 stop for pending_compaction_bytes, 0 slowdown for pending_compaction_bytes, 0 memtable_compaction, 0 memtable_slowdown, interval 0 total count

** File Read Latency Histogram By Level [default] **

** Compaction Stats [default] **
Level    Files   Size     Score Read(GB)  Rn(GB) Rnp1(GB) Write(GB) Wnew(GB) Moved(GB) W-Amp Rd(MB/s) Wr(MB/s) Comp(sec) CompMergeCPU(sec) Comp(cnt) Avg(sec) KeyIn KeyDrop Rblob(GB) Wblob(GB)
------------------------------------------------------------------------------------------------------------------------------------------------------------------------------------------------
 Sum      0/0    0.00 KB   0.0      0.0     0.0      0.0       0.0      0.0       0.0   0.0      0.0      0.0      0.00              0.00         0    0.000       0      0       0.0       0.0
 Int      0/0    0.00 KB   0.0      0.0     0.0      0.0       0.0      0.0       0.0   0.0      0.0      0.0      0.00              0.00         0    0.000       0      0       0.0       0.0

** Compaction Stats [default] **
Priority    Files   Size     Score Read(GB)  Rn(GB) Rnp1(GB) Write(GB) Wnew(GB) Moved(GB) W-Amp Rd(MB/s) Wr(MB/s) Comp(sec) CompMergeCPU(sec) Comp(cnt) Avg(sec) KeyIn KeyDrop Rblob(GB) Wblob(GB)
---------------------------------------------------------------------------------------------------------------------------------------------------------------------------------------------------

Blob file count: 0, total size: 0.0 GB

Uptime(secs): 0.0 total, 0.0 interval
Flush(GB): cumulative 0.000, interval 0.000
AddFile(GB): cumulative 0.000, interval 0.000
AddFile(Total Files): cumulative 0, interval 0
AddFile(L0 Files): cumulative 0, interval 0
AddFile(Keys): cumulative 0, interval 0
Cumulative compaction: 0.00 GB write, 0.00 MB/s write, 0.00 GB read, 0.00 MB/s read, 0.0 seconds
Interval compaction: 0.00 GB write, 0.00 MB/s write, 0.00 GB read, 0.00 MB/s read, 0.0 seconds
Stalls(count): 0 level0_slowdown, 0 level0_slowdown_with_compaction, 0 level0_numfiles, 0 level0_numfiles_with_compaction, 0 stop for pending_compaction_bytes, 0 slowdown for pending_compaction_bytes, 0 memtable_compaction, 0 memtable_slowdown, interval 0 total count

** File Read Latency Histogram By Level [default] **
2022/08/28-13:02:57.188348 16bb4f000 [db/db_impl/db_impl.cc:463] Shutdown: canceling all background work
2022/08/28-13:02:57.188447 16bb4f000 [db/db_impl/db_impl.cc:642] Shutdown complete
